0: denotes that the attribute is number;
1: denotes that the attribute is nominal.

aut = [0,1,1,1,1,1,1,1,0,0,0,0,0,1,1,0,1,0,0,0,0,0,0,0,0];
aba = [1,0,0,0,0,0,0,0];
bal = [0,0,0,0];
car = [1,1,1,1,1,1];
cle = [0,1,1,0,0,1,1,0,1,0,1,1,1];
con = [0,0,0,0,1,1,0,0,1];
der = [1,1,1,1,1,1,1,1,1,1,1,1,1,1,1,1,1,1,1,1,1,1,1,1,1,1,1,1,1,1,1,1,1,0];
eco = [0,0,0,0,0,0,0];
fla = [1,1,1,1,1,1,1,1,1,1,1];
gla = [0,0,0,0,0,0,0,0,0];
hay = [0,0,0,0];
iri = [0,0,0,0];
kr-vs-k = [1,1,1,1,1,1];
led = [1,1,1,1,1,1,1];
let = [0,0,0,0,0,0,0,0,0,0,0,0,0,0,0,0];
lym = [1,1,1,1,1,1,1,1,0,0,1,1,1,1,1,1,1,0];
mar = [0,0,0,0,0,0,0,0,0,0,0,0,0];
mov = [0,0,0,0,0,0,0,0,0,0,0,0,0,0,0,0,0,0,0,0,0,0,0,0,0,0,0,0,0,0,0,0,0,0,0,0,0,0,0,0,0,0,0,0,0,0,0,0,0,0,0,0,0,0,0,0,0,0,0,0,0,0,0,0,0,0,0,0,0,0,0,0,0,0,0,0,0,0,0,0,0,0,0,0,0,0,0,0,0,0];
new = [0,0,0,0,0];
nur = [1,1,1,1,1,1,1,1];
OPT = [0,0,0,0,0,0,0,0,0,0,0,0,0,0,0,0,0,0,0,0,0,0,0,0,0,0,0,0,0,0,0,0,0,0,0,0,0,0,0,0,0,0,0,0,0,0,0,0,0,0,0,0,0,0,0,0,0,0,0,0,0,0,0,0];
pag = [0,0,0,0,0,0,0,0,0,0];
pen = [0,0,0,0,0,0,0,0,0,0,0,0,0,0,0,0];
sat = [0,0,0,0,0,0,0,0,0,0,0,0,0,0,0,0,0,0,0,0,0,0,0,0,0,0,0,0,0,0,0,0,0,0,0,0];
shu = [0,0,0,0,0,0,0,0,0];
seg = [0,0,0,0,0,0,0,0,0,0,0,0,0,0,0,0,0,0,0];
spl = [1,1,1,1,1,1,1,1,1,1,1,1,1,1,1,1,1,1,1,1,1,1,1,1,1,1,1,1,1,1,1,1,1,1,1,1,1,1,1,1,1,1,1,1,1,1,1,1,1,1,1,1,1,1,1,1,1,1,1,1];
tae = [1,1,1,1,0];
tex = [0,0,0,0,0,0,0,0,0,0,0,0,0,0,0,0,0,0,0,0,0,0,0,0,0,0,0,0,0,0,0,0,0,0,0,0,0,0,0,0];
thy = [0,1,1,1,1,1,1,1,1,1,1,1,1,1,1,1,0,0,0,0,0];
veh = [0,0,0,0,0,0,0,0,0,0,0,0,0,0,0,0,0,0];
vow = [0,0,0,0,0,0,0,0,0,0,0,0,0];
win = [0,0,0,0,0,0,0,0,0,0,0,0,0];
wqr = [0,0,0,0,0,0,0,0,0,0,0];
wqw = [0,0,0,0,0,0,0,0,0,0,0];
yea = [0,0,0,0,0,0,0,0];
zoo = [1,1,1,1,1,1,1,1,1,1,1,1,1,1,1,1];
